0.000000
0.086181
-0.545147
0.113736
-1.296746
-1.718264
1.737493
1.568673
-0.152943
0.853310
-0.152821
-1.040447
-0.054408
-0.144547
0.059065
-0.866187
-1.440226
1.512871
1.627512
-0.168720
1.028120
-0.147454
-1.930497
-0.251728
0.291586
0.000000
0.350795
0.928961
-1.095290
-1.448330
0.158053
-1.050356
0.089037
2.542316
0.471259
-0.698897
0.051829
-0.168797
0.248653
-0.561431
-1.041737
0.123595
-0.924551
0.008014
2.789707
0.666888
-1.015590
0.086908
-0.617825
-0.506341
-0.000000
0.454488
-0.073080
0.677197
0.061343
-2.640732
-0.789555
1.192306
-0.100023
0.938289
1.225239
-0.503237
-0.235735
-0.017553
0.351547
0.089133
-2.121983
-0.797300
1.200205
-0.091450
1.096418
1.797807
-0.879048
-0.930827
0.031204
0.000000
-0.056866
1.313908
0.664807
-1.035890
0.066864
-1.085764
-2.131855
1.084758
1.526594
-0.063462
0.324565
0.038048
0.337993
0.390556
-0.722291
0.035951
-0.925748
-2.168412
1.109167
1.928776
-0.073929
0.577055
0.181257
-0.662086
-0.000000
-0.305302
0.010017
-0.656235
-1.892040
0.971789
2.068228
-0.063135
0.726678
0.344067
-1.542368
-0.456126
0.153313
-0.000901
-0.329338
-1.334492
0.716836
1.912785
-0.037469
0.760742
0.489176
-2.180097
-0.908418
0.585613
0.009243
-0.000000
0.570982
-0.403295
-1.473751
0.007782
-0.685268
-0.578408
2.491512
1.279474
-0.928187
-0.040574
-0.282982
-0.290476
-0.093045
-0.805791
-0.013200
-0.522512
-0.580934
2.443242
1.496968
-1.132091
-0.086670
-0.484048
-1.125075
0.160711
-0.000000
0.014130
0.306015
0.480355
-2.055714
-1.506928
1.170396
0.135456
0.585074
1.810086
-0.322620
-0.828953
-0.011756
0.074188
0.279215
-1.398258
-1.284852
1.042085
0.171548
0.586225
2.243643
-0.380361
-1.559742
-0.064228
-0.136392
0.000000
0.576909
0.842539
-0.771689
-0.179622
-0.503642
-2.360458
0.345038
2.082774
0.135075
0.296787
0.317678
-0.282960
0.229163
-0.404761
-0.148151
-0.364672
-2.141982
0.246919
2.317190
0.208905
0.389684
0.623305
-1.056296
-0.473988
-0.000000
0.072723
0.201706
1.619377
-0.127504
-2.223746
-0.265753
-0.411014
-0.864028
1.637153
1.164561
-0.380592
-0.041826
0.045861
0.868838
-0.029606
-1.811484
-0.285082
-0.369112
-0.994070
1.953718
1.734469
-0.681833
-0.181027
-0.078354
-0.000000
0.012526
-1.137023
-0.250483
-0.281765
-0.983266
1.977360
2.087121
-0.864028
-0.322403
-0.156515
-0.860743
-0.018927
-0.296491
-0.154131
-0.171883
-0.823195
1.724544
2.153769
-0.908739
-0.438942
-0.185462
-1.589362
-0.121099
0.588719
-0.000000
0.062682
0.529698
-1.251645
-1.906210
0.820728
0.503928
0.172200
2.082774
0.270650
-1.390186
-0.194944
-0.026663
0.141288
-0.643813
-1.363541
0.625854
0.496247
0.130961
2.274006
0.428441
-1.991859
-0.402092
-0.084134
-0.286415
-0.000000
-0.591598
0.365400
0.405202
0.079197
2.141616
0.547791
-2.307584
-0.585074
-0.106252
-0.689301
0.583285
0.305153
0.087948
0.233837
0.033397
1.712025
0.584727
-2.294008
-0.705711
-0.097625
-1.005046
1.026771
1.198265
-0.159669
0.000000
-0.005585
-1.054514
-0.508193
1.956840
0.731088
0.068893
1.183297
-1.279474
-1.954360
0.340652
0.265246
-0.001155
-0.269828
-0.308171
1.349532
0.640508
0.033630
1.194056
-1.324417
-2.455676
0.434280
0.521793
-0.018376
0.525725
0.000000
0.564619
0.430995
0.004920
1.032817
-1.178411
-2.618855
0.438633
0.726678
-0.049523
1.218078
0.376149
-0.280857
0.120150
-0.007654
0.721589
-0.886316
-2.408918
0.369579
0.841309
-0.083274
1.712327
0.760778
-1.063478
-0.254440
-0.000000
-0.305599
0.511109
1.846058
-0.256316
-0.838519
0.107755
-1.946175
-1.084758
1.672242
0.639458
-0.025881
0.153769
0.121719
1.004002
-0.134404
-0.708143
0.113530
-1.897939
-1.281597
2.025062
0.973377
-0.062726
0.588629
-0.219136
-0.000000
0.037712
0.460059
-0.095872
1.588067
1.300121
-2.080389
-1.196176
0.100023
-0.935253
0.465006
1.022145
-0.009106
0.123988
-0.055843
1.074194
1.115243
-1.842258
-1.259734
0.126707
-1.143968
0.592049
1.913462
0.003931
-0.254111
-0.000000
-0.440755
-0.734728
1.358098
1.137126
-0.133902
1.186688
-0.600783
-2.542316
-0.069841
0.618605
-0.061178
0.214992
-0.200536
0.709851
0.829114
-0.117100
1.060900
-0.513269
-2.814543
-0.166093
0.912743
-0.115725
0.798198
0.415810
0.000000
-0.366481
0.077296
-0.789491
0.366528
2.688015
0.259482
-1.087840
0.152943
-1.230479
-1.023292
0.665087
0.192491
0.020824
-0.416565
0.203691
2.179341
0.313559
-1.111544
0.165821
-1.460663
-1.525439
1.191747
0.769341
-0.042036
0.000000
0.064658
1.361603
0.297167
-0.973767
0.152595
-1.470738
-1.836069
1.512871
1.276632
-0.099367
0.397953
-0.021888
0.353453
0.192354
-0.689172
0.117100
-1.276324
-1.894135
1.596863
1.631408
-0.140317
0.720440
-0.043667
-0.698750
-0.000000
0.295701
-0.067827
0.921936
1.675093
-1.450468
-1.768811
0.157565
-0.924551
0.006287
1.642991
0.258132
-0.150756
-0.015912
0.472101
1.196750
-1.115243
-1.653597
0.149010
-0.987311
-0.069097
2.344386
0.541556
-0.584755
0.027491
0.000000
-0.518395
0.658571
1.287541
-0.118249
0.908227
0.151342
-2.705206
-0.797300
0.941449
-0.053859
0.424390
0.266869
0.160944
0.711277
-0.073750
0.708143
0.206900
-2.679035
-0.969247
1.166833
-0.059360
0.744726
1.045548
-0.298144
0.000000
-0.026851
0.424748
0.207811
-2.276949
-1.009009
1.226410
-0.045832
0.925748
1.700918
-0.653241
-0.746570
0.010974
0.105653
0.138505
-1.564859
-0.886316
1.110803
-0.020424
0.956750
2.131207
-0.862733
-1.418599
0.030964
-0.199726
0.000000
-0.652570
-0.596919
0.837367
0.006068
0.850851
2.265894
-0.913857
-1.912785
0.029391
-0.448037
-0.189345
0.323617
-0.166322
0.447487
0.021846
0.640508
2.077448
-0.822311
-2.148636
0.008765
-0.608366
-0.396730
1.221939
0.351661
-0.000000
0.017167
0.370330
1.586527
-0.626811
-2.081775
-0.022414
-0.666123
-0.580934
1.916497
0.881635
-0.438197
-0.012865
0.088624
0.859708
-0.379845
-1.712025
-0.051412
-0.623960
-0.700328
2.315570
1.337819
-0.802775
-0.066433
-0.160806
-0.000000
-0.136499
-1.084827
-0.064210
-0.499780
-0.721357
2.374165
1.637991
-1.042085
-0.134563
-0.345255
-0.868445
0.056461
-0.285572
-0.049079
-0.322367
-0.625854
2.099012
1.717923
-1.125075
-0.202327
-0.447122
-1.619040
0.169221
0.572446
-0.000000
-0.125570
-0.415736
1.545478
1.543792
-1.045707
-0.251552
-0.464901
-2.141982
0.193685
1.364703
0.080861
0.057845
-0.114120
0.807152
1.120282
-0.823195
-0.264594
-0.411275
-2.360950
0.143621
1.974194
0.182280
0.201578
0.237476
0.000000
-0.492722
0.498069
0.228444
0.308949
2.244660
-0.050269
-2.309367
-0.285082
-0.289534
-0.585455
0.756224
0.257467
0.124836
0.138329
0.185192
1.811484
0.045575
-2.318370
-0.365189
-0.317382
-0.872923
1.356272
1.023609
-0.237476
0.000000
0.066221
1.126429
0.103375
-1.997357
-0.398199
-0.291848
-1.049448
1.724544
1.689432
-0.535199
-0.169901
-0.027530
0.290995
0.092536
-1.391454
-0.364672
-0.228061
-1.080046
1.824819
2.147167
-0.728625
-0.345644
-0.084454
-0.572446
-0.000000
-0.588183
-0.255118
-0.145630
-0.951810
1.663304
2.315216
-0.797869
-0.496247
-0.102726
-1.339270
-0.165836
0.295674
-0.073619
-0.064290
-0.676949
1.284852
2.152456
-0.745045
-0.590759
-0.089208
-1.901282
-0.375730
1.131733
0.160806
0.000000
0.291641
-0.763328
-1.666690
0.592475
0.604122
0.056707
2.182571
0.584727
-1.799436
-0.415627
-0.037788
-0.149190
-0.187991
-0.915636
0.377381
0.522512
0.020321
2.150136
0.740914
-2.204197
-0.649044
-0.047254
-0.580337
0.351661
-0.000000
0.144129
0.347119
-0.006309
1.817740
0.796166
-2.291431
-0.816550
-0.033630
-0.936626
0.780012
0.950516
-0.064465
0.095535
-0.014042
1.242565
0.716836
-2.054296
-0.878791
-0.007173
-1.163372
1.046168
1.796274
-0.215124
-0.199726
0.000000
-0.515364
-0.492255
1.533990
0.809408
-0.019775
1.225218
-1.129918
-2.408918
0.289901
0.495487
-0.032233
0.254180
-0.139290
0.812640
0.601375
-0.035951
1.111883
-1.042142
-2.691437
0.288716
0.744420
-0.073909
0.954484
0.298144
-0.000000
0.270552
-0.033870
0.839858
-0.819980
-2.593858
0.228211
0.902774
-0.113530
1.488757
0.754793
-0.783839
-0.144489
-0.011484
0.449792
-0.517934
-2.121983
0.137209
0.938051
-0.139775
1.788809
1.154220
-1.426940
-0.586654
0.027491
0.000000
0.196743
1.337651
-0.049734
-0.835263
0.144272
-1.823922
-1.421765
1.842258
0.988145
-0.074624
0.442795
-0.087885
0.350334
0.003003
-0.600598
0.123595
-1.603632
-1.498098
1.980022
1.280867
-0.118875
0.813950
-0.294649
-0.698750
0.000000
0.261729
-0.080061
1.174248
1.350942
-1.833913
-1.407789
0.149285
-1.060900
0.402612
1.657618
0.064290
-0.135489
-0.021188
0.609931
0.982777
-1.440226
-1.333395
0.157606
-1.151028
0.412860
2.386363
0.177979
-0.533521
0.042036
-0.000000
0.432951
-0.870379
-1.051349
0.140284
-1.076204
0.345856
2.778328
0.313559
-0.871903
0.097660
-0.565377
-0.226438
-0.218196
-0.587880
0.099354
-0.853310
0.235251
2.776284
0.433250
-1.096857
0.135471
-1.008780
-0.900483
0.415810
0.000000
0.042042
-0.520790
0.119550
2.381096
0.496950
-1.170175
0.149285
-1.276324
-1.485773
0.940469
0.631468
-0.020829
-0.131905
0.033368
1.651515
0.471259
-1.075871
0.138299
-1.344125
-1.886836
1.287695
1.213228
-0.077276
0.254111
0.000000
-0.695144
-0.337809
0.823400
-0.107194
1.219682
2.032015
-1.421765
-1.653597
0.116884
-0.581474
-0.026745
0.348004
-0.099153
0.446832
-0.064976
0.938289
1.886114
-1.342814
-1.877154
0.133197
-0.806305
-0.103806
1.326743
0.219136
-0.000000
0.022788
-0.555386
-1.457590
1.084227
1.837596
-0.125224
0.902774
0.206900
-2.101455
-0.570835
0.451645
-0.008812
-0.136351
-0.798940
0.704670
1.526594
-0.097693
0.866054
0.302975
-2.564770
-0.895776
0.841195
-0.022478
0.254440
0.000000
-0.276384
-0.977013
0.059939
-0.711746
-0.357829
2.657043
1.129918
-1.110803
0.016021
-0.563475
-0.824924
0.128065
-0.259730
0.023661
-0.472057
-0.344067
2.374296
1.217107
-1.220828
-0.006835
-0.755368
-1.554178
0.448193
0.525725
0.000000
0.189563
0.247790
-1.767535
-1.120453
1.156092
0.037094
0.816550
2.077448
-0.645026
-1.265434
0.003393
-0.090307
0.072637
-0.933726
-0.831160
0.928187
0.062460
0.755095
2.313057
-0.706044
-1.848156
-0.015374
-0.326694
-0.159669
-0.000000
0.373017
-0.573456
-0.070268
-0.597030
-2.221072
0.644956
2.182571
0.051412
0.489439
0.412456
-0.896286
-0.198588
-0.146979
-0.050764
-0.380070
-1.810086
0.496636
2.211942
0.093614
0.562956
0.640406
-1.628441
-0.803337
0.286415
0.000000
0.146076
1.136508
-0.308381
-1.923803
-0.126797
-0.547361
-0.797869
2.099012
1.347551
-0.662610
-0.078314
-0.066371
0.296429
-0.129307
-1.352992
-0.135075
-0.456869
-0.847679
2.253210
1.738938
-0.928357
-0.172540
-0.228006
-0.588719
0.000000
-0.577401
-0.105820
-0.315940
-0.768791
2.085292
1.902177
-1.049448
-0.264594
-0.322607
-1.390475
0.055591
0.293052
-0.033374
-0.154033
-0.561282
1.637153
1.792706
-1.015555
-0.333057
-0.348002
-1.992762
0.034480
1.132608
0.078354
0.000000
0.247704
-0.989647
-1.406238
0.840980
0.357376
0.314446
2.309367
0.045575
-1.818546
-0.215077
-0.122849
-0.129578
-0.248319
-0.782175
0.561282
0.322403
0.240936
2.296769
0.150714
-2.249836
-0.353513
-0.200179
-0.514692
0.473988
-0.000000
-0.226441
-0.222344
-0.150365
-1.960336
-0.239069
2.362612
0.464901
0.228061
0.847196
-1.074723
-0.831102
0.108158
-0.063284
-0.064534
-1.352992
-0.270650
2.140029
0.520180
0.212319
1.072125
-1.476646
-1.588008
0.391307
0.136392
-0.000000
0.566641
0.217025
-1.614919
-0.495944
-0.166093
-1.149423
1.637991
2.152456
-0.584419
-0.347926
-0.034530
-0.282229
0.068792
-0.864796
-0.380070
-0.106252
-1.061099
1.556413
2.429930
-0.667368
-0.536327
-0.038895
-1.070422
-0.160711
-0.000000
-0.175850
-0.049452
-0.814851
1.266431
2.365562
-0.640772
-0.666123
-0.020321
-1.686582
-0.436359
0.853177
0.096345
-0.008652
-0.443456
0.831160
1.954360
-0.524394
-0.707770
0.009198
-2.047515
-0.706819
1.571694
0.400469
0.009243
-0.000000
-0.330020
-1.243912
0.352097
0.643585
-0.036277
2.109807
0.913857
-2.054296
-0.689330
-0.004224
-0.450305
0.155295
-0.328879
0.164383
0.472057
-0.049523
1.875089
1.003700
-2.236461
-0.911722
0.017556
-0.840378
0.554158
0.662086
-0.000000
-0.209639
0.042182
-1.388286
-0.938352
2.099470
1.021102
-0.045832
1.111883
-0.817464
-1.585115
0.111753
0.110503
0.013532
-0.729354
-0.704670
1.672242
0.984371
-0.069059
1.224460
-0.923631
-2.302773
0.156530
0.442757
-0.031204
0.000000
0.319350
-1.025787
-0.789175
0.077367
-1.162046
0.879424
2.705206
-0.137209
-0.735814
0.082320
-0.692393
-0.171334
-0.261257
-0.448282
0.064976
-0.935253
0.715823
2.727448
-0.072509
-0.940845
0.128082
-1.251029
-0.697292
0.506341
0.000000
0.031573
-0.579472
0.480009
2.360084
0.007760
-1.019783
0.157565
-1.603632
-1.175119
1.166129
0.495784
-0.017646
-0.149026
0.225151
1.651515
0.069841
-0.952270
0.163244
-1.711979
-1.521710
1.628109
0.965603
-0.073216
0.291586
-0.000000
0.701332
0.084134
-0.740015
0.142737
-1.575767
-1.668701
1.836069
1.333395
-0.123627
0.677895
-0.159805
-0.354235
0.032586
-0.407682
0.099354
-1.230479
-1.575239
1.774688
1.532801
-0.158017
0.955431
-0.237223
-1.362605
-0.086181
-0.000000
-0.041319
0.739893
1.236764
-1.469914
-1.518799
0.168697
-1.087840
0.235251
2.177737
0.255162
-0.424559
0.020109
0.184697
0.688090
-0.982777
-1.276632
0.152965
-1.061881
0.174296
2.682082
0.441182
-0.802624
0.073216
-0.350795
0.000000
-0.397909
-0.826383
0.113763
-0.888598
0.086206
2.804182
0.600783
-1.075871
0.108482
-0.791619
-0.730336
0.191147
-0.222129
0.059050
-0.600598
0.006287
2.529193
0.688787
-1.200465
0.120744
-1.082808
-1.393760
0.697292
0.454488
0.000000
0.246020
0.035001
-1.900734
-0.667962
1.154398
-0.110326
1.196176
1.886114
-1.053313
-1.105545
0.051556
-0.119689
0.019006
-1.013810
-0.517934
0.941449
-0.082910
1.132422
2.125075
-1.221281
-1.631379
0.085891
-0.442757
-0.056866
0.000000
-0.241518
0.591055
-0.048127
0.918553
2.064075
-1.196491
-1.946175
0.097693
-0.679339
-0.178436
0.992743
0.132970
0.154014
-0.017176
0.601375
1.700918
-1.005589
-1.992113
0.087387
-0.801715
-0.317673
1.822467
0.554158
-0.305302
-0.000000
-0.238404
-1.079554
0.699469
1.749716
-0.061127
0.801527
0.438633
-2.374296
-0.954708
0.719003
0.002646
0.112128
-0.284553
0.342479
1.242565
-0.029391
0.689701
0.505240
-2.576955
-1.262086
1.026354
0.025443
0.400469
0.570982
0.000000
0.535401
-0.004440
0.493239
0.489331
-2.412297
-1.411263
1.183297
0.062460
0.592302
1.362269
-0.273288
-0.274343
0.002815
0.249638
0.377381
-1.916497
-1.357175
1.169266
0.102447
0.672499
1.971821
-0.442376
-1.070422
-0.014130
0.000000
-0.174509
1.172942
1.084650
-0.990151
-0.131149
-0.645338
-2.307584
0.496636
1.735064
0.055134
0.217903
0.095063
0.298150
0.613858
-0.676949
-0.134563
-0.531481
-2.317319
0.449600
2.166985
0.112568
0.375435
0.391307
-0.576909
-0.000000
0.280348
0.102488
0.362509
1.996941
-0.334068
-2.297306
-0.172200
-0.456869
-0.664925
1.327022
0.673089
-0.137807
0.031590
0.174228
1.391454
-0.193685
-2.100801
-0.215765
-0.460620
-0.865971
1.851278
1.304704
-0.514692
-0.072723
-0.000000
0.588305
-0.072751
-1.600597
-0.224827
-0.397946
-0.953026
2.087121
1.792706
-0.796609
-0.196153
-0.134701
-0.295808
-0.006313
-0.865464
-0.185192
-0.289534
-0.901240
2.017874
2.050207
-0.947286
-0.317271
-0.215679
-1.132608
-0.012526
-0.000000
-0.090998
-0.160769
-0.707731
1.672841
2.020763
-0.953026
-0.411014
-0.240936
-1.801602
-0.088763
0.870842
0.052476
-0.036651
-0.393294
1.120282
1.689432
-0.823877
-0.453356
-0.219223
-2.208135
-0.212240
1.620517
0.228006
0.062682
-0.000000
0.454711
1.087638
-0.590740
-0.426322
-0.166725
-2.297306
-0.345038
2.140029
0.408033
0.125045
0.414986
-0.219195
0.290747
-0.299011
-0.322367
-0.102726
-2.061651
-0.442510
2.354450
0.558635
0.147454
0.788390
-0.803337
-0.591598
0.000000
-0.147206
-0.045188
-1.541483
-0.463430
2.234217
0.645338
0.135456
1.061099
-1.220861
-1.431101
0.258318
0.079613
-0.007121
-0.817946
-0.379845
1.799436
0.639809
0.100831
1.188002
-1.426516
-2.100096
0.439506
0.326694
0.005585
-0.000000
-0.184622
1.116527
0.526219
0.058283
1.145675
-1.411263
-2.491512
0.524394
0.555180
-0.005417
0.792530
0.104921
0.287760
0.306012
0.021846
0.936626
-1.200738
-2.536315
0.513335
0.724939
-0.032206
1.447118
0.448193
-0.564619
0.000000
-0.001787
-0.589301
0.848191
2.215544
-0.424687
-0.801527
0.063135
-1.875089
-0.787310
1.317158
0.352899
-0.002606
-0.153864
0.423451
1.564859
-0.289901
-0.762745
0.086009
-2.024033
-1.056966
1.863865
0.700374
-0.022478
0.305599
0.000000
0.670657
-0.146248
-0.603546
0.091161
-1.884299
-1.196491
2.131855
0.984371
-0.054171
0.721143
-0.357509
-0.341827
-0.028659
-0.338326
0.073750
-1.488757
-1.161916
2.091561
1.150567
-0.087146
1.031640
-0.603197
-1.326743
0.037712
-0.000000
-0.034829
0.906114
0.935795
-1.760003
-1.158145
0.110326
-1.192306
0.715823
2.139430
-0.042704
-0.364172
0.019013
0.229050
0.532824
-1.196750
-0.988145
0.114874
-1.181533
0.699824
2.658415
0.006889
-0.699469
0.077276
-0.440755
0.000000
0.493385
0.648818
-0.096379
1.003935
-0.581682
-2.804182
-0.089037
0.952270
-0.128049
1.008266
0.589007
-0.241679
0.176792
-0.055947
0.689172
-0.402612
-2.551710
-0.171548
1.078896
-0.160780
1.398933
1.144563
-0.900483
-0.366481
0.000000
0.286815
-0.209133
-1.934767
-0.219521
1.053253
-0.168697
1.568673
1.575239
-1.392078
-0.902739
0.061163
-0.141826
-0.043433
-1.041213
-0.203691
0.871903
-0.150336
1.508628
1.803125
-1.655721
-1.348358
0.115709
-0.533521
0.064658
0.000000
0.107958
-0.555608
0.109834
-1.244240
-1.777693
1.668701
1.627512
-0.152965
0.832947
-0.102651
-1.038151
-0.065490
-0.146952
0.055947
-0.829114
-1.485773
1.447742
1.684980
-0.165859
1.000923
-0.076532
-1.923390
-0.294649
0.295701
-0.000000
-0.334931
-0.955769
1.044011
1.496409
-0.152556
1.019783
-0.008014
-2.529193
-0.540289
0.707011
-0.046736
0.160734
-0.255183
0.532824
1.074194
-0.116884
0.895112
0.071366
-2.771150
-0.752396
1.024850
-0.075672
0.586654
0.518395
0.000000
0.467752
-0.067470
0.653719
0.128035
-2.619197
-0.879424
1.200205
-0.082910
0.888280
1.251557
-0.472720
-0.242164
-0.015726
0.338326
0.134404
-2.101455
-0.878734
1.205150
-0.070166
1.034665
1.832442
-0.820674
-0.954484
0.026851
0.000000
-0.075496
1.299173
0.726260
-1.037539
0.044375
-1.021102
-2.168412
1.005589
1.562628
-0.051466
0.310319
0.047156
0.333674
0.423451
-0.721589
0.016021
-0.867404
-2.201191
1.019783
1.970891
-0.054268
0.549768
0.215124
-0.652570
-0.000000
-0.304208
-0.003462
-0.612422
-1.916940
0.884802
2.109807
-0.037469
0.689701
0.396314
-1.517691
-0.488514
0.152353
-0.004658
-0.306012
-1.349532
0.645026
1.947988
-0.009053
0.719111
0.551186
-2.141587
-0.967986
0.580337
0.017167
0.000000
0.576371
-0.357644
-1.498410
-0.018962
-0.644944
-0.640772
2.443242
1.357175
-0.917181
-0.060336
-0.260303
-0.292700
-0.080994
-0.817946
-0.033397
-0.489439
-0.634928
2.391609
1.581351
-1.115313
-0.116431
-0.442638
-1.131733
0.136499
0.000000
-0.023327
-0.285163
-0.519215
2.008537
1.585913
-1.149423
-0.171548
-0.531481
-1.817722
0.264791
0.838773
0.016710
-0.068738
-0.299011
1.363541
1.347551
-1.020011
-0.208971
-0.528515
-2.249368
0.296579
1.575723
0.084454
0.125570
0.000000
-0.561458
-0.880852
0.752674
0.212812
0.450120
2.362612
-0.246919
-2.100801
-0.169248
-0.271281
-0.335191
0.274806
-0.238877
0.393294
0.171883
0.322607
2.140475
-0.148337
-2.333571
-0.253246
-0.353288
-0.653681
1.023609
0.492722
-0.000000
-0.082992
-0.176279
-1.615651
0.042528
2.235943
0.314446
0.369112
0.901240
-1.582835
-1.207464
0.366665
0.047096
-0.039488
-0.865464
-0.029606
1.818546
0.331086
0.327804
1.031827
-1.884299
-1.793991
0.653681
0.201578
0.066221
-0.000000
0.037555
-1.139645
-0.286614
-0.246903
-1.016082
1.902177
2.153769
-0.823877
-0.355616
-0.129111
-0.854701
-0.031505
-0.296699
-0.174228
-0.148151
-0.847196
1.654410
2.217676
-0.861261
-0.480212
-0.148015
-1.575723
-0.169221
0.588183
-0.000000
0.052906
0.543080
-1.197205
-1.958667
0.772501
0.547361
0.130961
2.061651
0.347108
-1.386647
-0.216230
-0.021888
0.144346
-0.613858
-1.398258
0.584419
0.535592
0.092138
2.247385
0.522010
-1.983491
-0.442638
-0.066433
-0.291641
0.000000
-0.605494
0.338052
0.434832
0.047974
2.113179
0.644956
-2.294008
-0.639809
-0.079093
-0.699670
0.552160
0.311741
0.080469
0.249638
0.013200
1.686582
0.671724
-2.276578
-0.767194
-0.065651
-1.017107
0.967986
1.221939
-0.144129
-0.000000
0.002292
-1.037160
-0.573061
1.938544
0.790589
0.037094
1.194056
-1.200738
-1.989504
0.302327
0.280601
-0.004781
-0.264952
-0.342479
1.334492
0.689330
0.006503
1.201575
-1.236609
-2.495604
0.377029
0.549768
-0.030964
0.515364
0.000000
-0.557285
-0.461829
0.014233
-1.036531
1.093993
2.657043
-0.369579
-0.762745
0.067466
-1.192049
-0.409119
0.276675
-0.128231
0.017176
-0.722291
0.817464
2.440100
-0.298197
-0.879932
0.102684
-1.672841
-0.820674
1.045548
0.270552
-0.000000
-0.305113
0.467861
1.866995
-0.193066
-0.874071
0.125224
-1.897939
-1.161916
1.640636
0.677624
-0.033732
0.153138
0.110439
1.013810
-0.089133
-0.735814
0.126722
-1.847550
-1.364331
1.982479
1.028177
-0.075672
0.584755
-0.196743
-0.000000
-0.018068
-0.476581
0.103844
-1.543033
-1.376562
2.032015
1.259734
-0.114874
0.926803
-0.412159
-1.028990
-0.001023
-0.128065
0.059050
-1.041737
-1.175119
1.795120
1.322928
-0.140515
1.130839
-0.516405
-1.923390
-0.043667
0.261729
0.000000
-0.426594
-0.770816
1.320006
1.190986
-0.144539
1.170175
-0.513269
-2.551710
-0.134563
0.635413
-0.062233
0.207660
-0.209557
0.688090
0.866187
-0.123627
1.043540
-0.426418
-2.820769
-0.247270
0.935056
-0.115709
0.769341
0.432951
0.000000
0.381946
-0.080043
0.774625
-0.292593
-2.689994
-0.345856
1.111544
-0.150336
1.183379
1.061946
-0.640878
-0.200152
-0.021185
0.407682
-0.152821
-2.177737
-0.392792
1.132876
-0.160131
1.401520
1.578198
-1.144563
-0.798198
0.042042
0.000000
-0.043431
-1.358597
-0.357692
0.989965
-0.144539
1.407789
1.894135
-1.447742
-1.321711
0.097682
-0.387426
0.011360
-0.352152
-0.225151
0.698897
-0.108482
1.218606
1.948796
-1.522102
-1.685565
0.135436
-0.699469
0.003931
0.695144
-0.000000
-0.299134
0.061162
-0.877897
-1.719079
1.376562
1.823922
-0.149010
0.895112
0.055980
-1.632062
-0.291229
0.152130
0.013855
-0.448282
-1.225239
1.053313
1.701858
-0.137570
0.953082
0.144220
-2.325268
-0.603197
0.588629
-0.022788
0.000000
-0.529529
0.618635
1.322657
-0.105939
0.874071
0.228211
-2.679035
-0.878734
0.945328
-0.041324
0.400487
0.272010
0.150257
0.729354
-0.063462
0.679339
0.274682
-2.648992
-1.058841
1.168691
-0.039395
0.700374
1.063478
-0.276384
0.000000
0.021775
-0.406105
-0.257557
2.247851
1.093993
-1.225218
0.020424
-0.867404
-1.726630
0.600598
0.762871
-0.008056
-0.100657
-0.164383
1.542368
0.954708
-1.106822
-0.007060
-0.892872
-2.159254
0.785509
1.447118
-0.018376
0.189563
-0.000000
-0.642130
-0.639304
0.832127
0.031381
0.790589
2.291431
-0.822311
-1.947988
0.007101
-0.423519
-0.213347
0.317900
-0.177228
0.443456
0.040574
0.592302
2.097054
-0.729229
-2.184588
-0.021359
-0.572568
-0.439506
1.198265
0.373017
0.000000
0.025528
0.340651
1.598673
-0.545631
-2.113179
-0.056707
-0.623960
-0.634928
1.875995
0.931333
-0.431703
-0.017283
0.081042
0.864796
-0.322620
-1.735064
-0.084872
-0.581442
-0.756983
2.262430
1.407940
-0.788390
-0.084134
-0.146076
0.000000
0.112032
1.097677
0.091265
0.463066
0.772501
-2.315216
-1.717923
1.020011
0.163918
0.311268
0.870661
-0.044025
0.288498
0.064534
0.296787
0.664925
-2.042796
-1.796041
1.097352
0.239713
0.399607
1.620517
-0.121099
-0.577401
0.000000
-0.114778
-0.438654
1.500942
1.609237
-1.016082
-0.291848
-0.411275
-2.140475
0.116357
1.374350
0.098024
0.052443
-0.119682
0.782175
1.164561
-0.796609
-0.301955
-0.359430
-2.355518
0.047904
1.985023
0.215679
0.181027
0.247704
0.000000
-0.510874
0.479844
0.257231
0.266020
2.235943
0.050269
-2.318370
-0.331086
-0.257132
-0.607692
0.729354
0.266303
0.119682
0.154033
0.156515
1.801602
0.136640
-2.323716
-0.417865
-0.278113
-0.902056
1.304704
1.056296
-0.226441
-0.000000
-0.054626
-1.118522
-0.172076
1.998763
0.450120
0.251552
1.080046
-1.654410
-1.739561
0.507238
0.185875
0.021972
-0.288498
-0.129307
1.390186
0.408033
0.192492
1.107331
-1.745450
-2.206255
0.685810
0.375435
0.064228
0.566641
-0.000000
0.586686
0.282974
0.119550
0.972408
-1.585913
-2.374165
0.745045
0.535592
0.072273
1.323592
0.202054
-0.294432
0.081042
0.050764
0.689301
-1.220861
-2.203014
0.689283
0.633958
0.054038
1.876035
0.442376
-1.125075
-0.175850
-0.000000
-0.296028
0.722596
1.702673
-0.542091
-0.644944
-0.022414
-2.150136
-0.671724
1.785765
0.451837
0.025411
0.150981
0.177228
0.933726
-0.340652
-0.555180
0.008339
-2.114751
-0.835487
2.183589
0.701868
0.025443
0.585613
-0.330020
-0.000000
-0.127914
-0.367215
0.026112
-1.784891
-0.884802
2.265894
0.878791
0.006503
0.942524
-0.728298
-0.965971
0.055967
-0.100657
0.023661
-1.218078
-0.787310
2.027612
0.941661
-0.020751
1.167556
-0.971224
-1.822467
0.181257
0.209639
0.000000
0.504352
0.535402
-1.511147
-0.863850
0.044375
-1.226410
1.042142
2.440100
-0.233908
-0.518233
0.039746
-0.248319
0.150257
-0.798940
-0.639458
0.054171
-1.110115
0.953961
2.721962
-0.217470
-0.775982
0.085891
-0.930827
-0.319350
0.000000
0.286700
-0.044144
0.836412
-0.743990
-2.619197
0.151342
0.938051
-0.126722
1.449232
0.803519
-0.767356
-0.152624
-0.013855
0.446832
-0.465006
-2.139430
0.065738
0.971741
-0.151397
1.738083
1.222082
-1.393760
-0.617825
0.031573
0.000000
0.174383
1.346609
0.005585
-0.862733
0.152556
-1.768811
-1.498098
1.795120
1.037714
-0.082756
0.437713
-0.076656
0.352152
0.033368
-0.618605
0.128049
-1.552108
-1.571680
1.924485
1.341534
-0.128319
0.802624
-0.251728
-0.701332
-0.000000
0.268841
-0.081442
1.134198
1.411716
-1.777693
-1.470738
0.157606
-1.043540
0.334485
1.661285
0.095711
-0.138801
-0.021185
0.587880
1.023292
-1.392078
-1.389662
0.163206
-1.129355
0.329579
2.388120
0.237223
-0.545147
0.041319
0.000000
-0.449305
0.838699
1.093194
-0.142717
1.053253
-0.259482
-2.776284
-0.392792
0.888636
-0.094309
0.542485
0.234270
0.209557
0.609931
-0.099367
0.832947
-0.158020
-2.770156
-0.521493
1.115103
-0.128319
0.965603
0.928961
-0.397909
-0.000000
-0.041329
0.507013
-0.062049
-2.372330
-0.581682
1.186688
-0.138299
1.218606
1.528650
-0.896438
-0.652430
0.020104
0.128065
-0.003003
-1.642991
-0.540289
1.088361
-0.124709
1.279919
1.936382
-1.222082
-1.251029
0.073080
-0.246020
0.000000
-0.690520
-0.381123
0.830907
-0.093335
1.158145
2.080389
-1.342814
-1.701858
0.107911
-0.561315
-0.055823
0.345166
-0.110439
0.449792
-0.053859
0.888280
1.926627
-1.261385
-1.928351
0.119331
-0.775982
-0.156530
1.313908
0.241518
-0.000000
0.017484
-0.524105
-1.485670
1.012228
1.884299
-0.107755
0.866054
0.274682
-2.077888
-0.623602
0.452364
-0.005848
-0.128231
-0.812640
0.653241
1.562628
-0.079226
0.828041
0.375501
-2.531995
-0.971224
0.840378
-0.010017
0.238404
0.000000
0.254111
0.998347
-0.043998
0.678090
0.424687
-2.618855
-1.217107
1.106822
0.005538
0.525855
0.835780
-0.116602
0.264952
-0.014042
0.448037
0.396314
-2.336309
-1.303530
1.213188
0.035348
0.701868
1.571694
-0.403295
-0.535401
-0.000000
-0.179189
-0.279201
1.736312
1.193925
-1.145675
-0.068893
-0.755095
-2.097054
0.572013
1.286608
0.008267
0.084993
-0.080469
0.915636
0.881635
-0.917181
-0.092880
-0.694582
-2.330765
0.614602
1.876035
0.038895
0.306015
0.174509
-0.000000
0.394044
-0.564957
-0.094398
-0.545955
-2.234217
0.547791
2.211942
0.084872
0.456088
0.445823
-0.875717
-0.208997
-0.144346
-0.064290
-0.345255
-1.817722
0.407615
2.238144
0.133059
0.521601
0.685810
-1.588008
-0.842539
0.280348
-0.000000
0.131696
1.139408
-0.240454
-1.943515
-0.166725
-0.503928
-0.847679
2.042796
1.408827
-0.646282
-0.092786
-0.059318
0.296699
-0.092536
-1.364703
-0.169248
-0.417606
-0.894408
2.188279
1.812655
-0.902056
-0.200179
-0.201706
-0.588305
-0.000000
0.581483
0.128281
0.286432
0.806257
-2.020763
-1.977360
1.015555
0.301955
0.281939
1.387276
-0.018542
-0.294660
0.039488
0.138329
0.585455
-1.582835
-1.858750
0.978393
0.375026
0.299647
1.985023
0.034480
-1.137023
-0.090998
0.000000
0.257112
-0.954484
-1.454496
0.806257
0.397946
0.265753
2.296769
0.136640
-1.822740
-0.246101
-0.107649
-0.133902
-0.238877
-0.807152
0.535199
0.355616
0.198751
2.280646
0.250876
-2.251420
-0.399607
-0.172540
-0.529698
0.454711
-0.000000
0.214610
0.243249
0.120004
1.943515
0.334068
-2.360458
-0.520180
-0.192492
-0.868599
1.027978
0.853973
-0.101803
0.068738
0.049079
1.339270
0.347108
-2.134582
-0.576980
-0.174296
-1.095327
1.407940
1.628441
-0.365400
-0.147206
0.000000
-0.560007
-0.264422
1.608135
0.545955
0.131149
1.170396
-1.556413
-2.203014
0.540679
0.373368
0.020917
0.278481
-0.080994
0.859708
0.415627
0.079093
1.077061
-1.473360
-2.482391
0.610615
0.572568
0.015374
1.054514
0.184622
-0.000000
0.191171
0.033255
0.824629
-1.193925
-2.412297
0.578408
0.707770
-0.008339
1.658826
0.492058
-0.845200
-0.104186
0.004658
0.447487
-0.780012
-1.989504
0.465398
0.748744
-0.038069
2.010513
0.785509
-1.554178
-0.430995
-0.001787
-0.000000
0.308140
1.264138
-0.305680
-0.678090
0.061127
-2.068228
-1.003700
2.027612
0.738646
-0.012222
0.451925
-0.144170
0.333674
-0.138505
-0.495487
0.067466
-1.835021
-1.091675
2.203157
0.973046
-0.039395
0.841195
-0.511109
-0.670657
-0.000000
-0.219263
0.052014
-1.356272
-1.012228
2.064075
1.085764
-0.069059
1.110115
-0.748294
-1.603093
0.084176
0.115188
0.015726
-0.711277
-0.754793
1.640636
1.043123
-0.090008
1.219436
-0.838035
-2.325268
0.103806
0.460059
-0.034829
0.000000
0.339966
-1.004216
-0.833604
0.093335
-1.154398
0.789555
2.727448
-0.065738
-0.762240
0.089165
-0.672758
-0.181408
-0.255183
-0.472101
0.074624
-0.926803
0.634471
2.745711
0.008143
-0.971789
0.135436
-1.213228
-0.734728
0.493385
-0.000000
-0.035014
0.572822
-0.418680
-2.372330
-0.086206
1.050356
-0.163244
1.552108
1.232837
-1.133421
-0.519266
0.019048
0.146952
-0.192354
-1.657618
-0.134563
0.978144
-0.166060
1.653590
1.590167
-1.578198
-1.008780
0.077296
-0.286815
0.000000
-0.702884
-0.125254
0.758106
-0.142717
1.518799
1.737493
-1.774688
-1.389662
0.128020
-0.665131
0.127570
0.354496
-0.043433
0.416565
-0.097660
1.183379
1.634742
-1.710092
-1.593808
0.160758
-0.935056
0.177979
1.361603
0.107958
-0.000000
0.039902
-0.709934
-1.279540
1.411716
1.575767
-0.168720
1.061881
-0.158020
-2.172931
-0.307132
0.431622
-0.019048
-0.176792
-0.709851
0.940469
1.321711
-0.150371
1.033791
-0.090463
-2.672208
-0.516405
0.813950
-0.067827
0.334931
0.000000
0.379280
0.853816
-0.109806
0.862733
-0.007760
-2.789707
-0.688787
1.088361
-0.097822
0.753805
0.749514
-0.181408
0.229050
-0.055843
0.581474
0.055980
-2.512369
-0.777103
1.211411
-0.105133
1.028177
1.426940
-0.658571
-0.467752
-0.000000
0.237490
0.073054
-1.885234
-0.743990
1.162046
-0.091450
1.132422
1.926627
-0.989440
-1.135697
0.046189
-0.115188
0.028659
-1.004002
-0.570835
0.945328
-0.063614
1.068641
2.166014
-1.140181
-1.672841
0.073909
-0.424748
-0.075496
0.000000
-0.263844
0.591996
-0.031940
0.863850
2.099470
-1.109167
-1.992113
0.079226
-0.649522
-0.221150
0.980057
0.144170
0.153864
-0.007654
0.563475
1.726630
-0.924551
-2.035611
0.064146
-0.763805
-0.377029
1.796274
0.596919
-0.304208
0.000000
-0.222487
-1.093761
0.636859
1.784891
-0.036277
0.760742
0.505240
-2.336309
-1.022498
0.714504
0.013682
0.104186
-0.287760
0.308171
1.265434
-0.007101
0.651958
0.569286
-2.531435
-1.344845
1.017107
0.047254
0.370330
0.576371
0.000000
-0.544359
-0.010819
-0.464215
-0.542091
2.365562
1.496968
-1.169266
-0.092880
-0.544835
-1.372698
0.237893
0.278481
-0.007121
-0.233837
-0.412456
1.875995
1.433679
-1.151938
-0.137626
-0.614967
-1.983491
0.375730
1.084827
0.023327
0.000000
0.188626
-1.146024
-1.141501
0.972408
0.166093
0.586225
2.317319
-0.407615
-1.755616
-0.078365
-0.201896
-0.101803
-0.290747
-0.643813
0.662610
0.163918
0.479160
2.323232
-0.350567
-2.189188
-0.148015
-0.345644
-0.415736
0.561458
-0.000000
0.273440
0.121426
0.323985
1.998763
-0.239069
-2.317190
-0.215765
-0.417606
-0.701580
1.288781
0.701623
-0.133902
0.036651
0.154131
1.390475
-0.116357
-2.115653
-0.261562
-0.417600
-0.908173
1.793991
1.356272
-0.498069
-0.082992
0.000000
-0.586952
0.024265
1.609377
0.266020
0.357376
0.994070
-2.017874
-1.858750
0.767458
0.220871
0.115984
0.294660
-0.006313
0.868838
0.215077
0.257132
0.935471
-1.946175
-2.120563
0.908173
0.353288
0.182280
1.126429
0.037555
-0.000000
0.104124
0.140877
0.731351
-1.609237
-2.085292
0.908739
0.453356
0.198751
1.788955
0.147753
-0.871455
-0.059318
0.031590
0.404761
-1.074723
-1.739561
0.780833
0.495981
0.174959
2.189188
0.296579
-1.619040
-0.255118
-0.052906
-0.000000
0.434934
1.117569
-0.556027
-0.463066
-0.126797
-2.274006
-0.442510
2.134582
0.452587
0.102651
0.423967
-0.208997
0.298150
-0.279215
-0.347926
-0.072273
-2.037515
-0.539152
2.344559
0.614967
0.116431
0.802775
-0.763328
-0.605494
-0.000000
-0.157971
-0.027373
-1.521014
-0.545631
2.221072
0.705711
0.100831
1.077061
-1.155714
-1.461998
0.236350
0.084993
-0.002815
-0.805791
-0.436359
1.785765
0.695551
0.067807
1.202257
-1.344845
-2.141587
0.396730
0.347119
-0.002292
0.000000
-0.208188
1.106088
0.569046
0.031381
1.156092
-1.324417
-2.536315
0.465398
0.587321
-0.022421
0.778207
0.116602
0.284553
0.329338
0.004224
0.942524
-1.121130
-2.577554
0.445662
0.763805
-0.054268
1.418599
0.492255
-0.557285
-0.000000
0.005171
-0.591420
0.787430
2.247851
-0.357829
-0.841309
0.086009
-1.835021
-0.856318
1.297544
0.376636
-0.005848
-0.154014
0.390556
1.585115
-0.233908
-0.797760
0.106056
-1.977360
-1.140181
1.832442
0.744726
-0.033870
0.305113
0.000000
-0.678263
0.110159
0.629135
-0.105939
1.837596
1.281597
-2.091561
-1.043123
0.070603
-0.718184
0.324378
0.345166
0.019006
0.351547
-0.082320
1.449232
1.236924
-2.047580
-1.215343
0.105133
-1.024850
0.541556
1.337651
-0.018068
-0.000000
-0.037725
0.880419
0.990815
-1.719079
-1.219682
0.126707
-1.181533
0.634471
2.153756
0.004796
-0.376149
0.020104
0.222129
0.561431
-1.166129
-1.037714
0.127393
-1.167974
0.610410
2.672208
0.076532
-0.720440
0.080061
-0.426594
0.000000
0.479546
0.679548
-0.104036
0.989965
-0.496950
-2.814543
-0.171548
0.978144
-0.130258
0.973878
0.615504
-0.234270
0.184697
-0.059065
0.677895
-0.334485
-2.557354
-0.255390
1.105271
-0.160758
1.348358
1.191747
-0.870379
-0.381946
-0.000000
0.281414
-0.166947
-1.936192
-0.292593
1.076204
-0.165821
1.508628
1.634742
-1.341408
-0.938669
0.062224
-0.138801
-0.032586
-1.040447
-0.255162
0.888636
-0.145178
1.447544
1.865489
-1.590167
-1.398933
0.115725
-0.520790
0.043431
0.000000
0.129946
-0.564851
0.104036
-1.190986
-1.833913
1.596863
1.684980
-0.150371
0.810913
-0.053278
-1.034329
-0.076656
-0.149026
0.051829
-0.791619
-1.528650
1.379962
1.740916
-0.160090
0.971789
-0.006889
-1.913462
-0.337809
0.299134
0.000000
0.318932
0.980866
-0.990815
-1.543033
0.144272
-0.987311
-0.071366
2.512369
0.609566
-0.713457
0.040694
-0.152624
0.261257
-0.503237
-1.105545
0.107911
-0.864079
-0.148955
2.748553
0.838035
-1.031640
0.062726
-0.555386
-0.529529
-0.000000
0.480509
-0.060446
0.629135
0.193066
-2.593858
-0.969247
1.205150
-0.063614
0.838250
1.275668
-0.441329
-0.248319
-0.013532
0.324565
0.178436
-2.077888
-0.959962
1.207069
-0.046566
0.973046
1.863865
-0.760778
-0.977013
0.021775
-0.000000
-0.093568
1.282571
0.787430
-1.036531
0.019775
-0.956750
-2.201191
0.924551
1.596748
-0.037779
0.295645
0.055967
0.328879
0.456126
-0.719003
-0.005538
-0.809492
-2.230159
0.928500
2.010513
-0.032206
0.521793
0.247790
-0.642130
0.000000
-0.302304
-0.017905
-0.569046
-1.938544
0.796166
2.148636
-0.009053
0.651958
0.446552
-1.490882
-0.520548
0.150981
-0.008652
-0.282982
-1.362269
0.572013
1.980583
0.022060
0.676796
0.610615
-2.100096
-1.026771
0.573456
0.025528
-0.000000
0.580784
-0.311324
-1.521014
-0.047974
-0.604122
-0.700328
2.391609
1.433679
-0.903588
-0.081054
-0.238035
-0.294432
-0.068792
-0.828953
-0.055134
-0.456088
-0.686293
2.336723
1.664237
-1.095327
-0.147454
-0.402092
-1.136508
0.112032
-0.000000
0.033156
0.264215
0.556027
-1.958667
-1.663304
1.125075
0.208971
0.479160
1.822360
-0.206465
-0.847367
-0.021972
0.063284
0.317678
-1.327022
-1.408827
0.994877
0.247585
0.472350
2.251420
-0.212240
-1.589362
-0.105820
-0.114778
-0.000000
-0.545279
-0.918193
0.731351
0.246903
0.398199
2.360950
-0.148337
-2.115653
-0.205171
-0.245944
-0.351526
0.266303
-0.248319
0.380592
0.196153
0.281939
2.135550
-0.049477
-2.346370
-0.299647
-0.317271
-0.681833
0.989647
0.510874
-0.000000
0.093450
0.151785
1.609377
0.042528
-2.244660
-0.365189
-0.327804
-0.935471
1.526594
1.248900
-0.351526
-0.052443
0.033374
0.860743
0.088763
-1.822740
-0.378843
-0.287245
-1.066263
1.812655
1.851278
-0.623305
-0.222344
-0.054626
-0.000000
0.062514
-1.140447
-0.323985
-0.212812
-1.045707
1.824819
2.217676
-0.780833
-0.389051
-0.103041
-0.847367
-0.044025
-0.296429
-0.194944
-0.125045
-0.868599
1.582453
2.278704
-0.810653
-0.521601
-0.112568
-1.559742
-0.217025
0.586686
-0.000000
-0.043431
-0.554833
1.141501
2.008537
-0.721357
-0.590759
-0.092138
-2.037515
-0.422915
1.380822
0.238035
0.017283
-0.146979
0.583285
1.431101
-0.540679
-0.574757
-0.055813
-2.217543
-0.614602
1.971821
0.484048
0.049452
0.296028
0.000000
-0.618566
0.309304
0.464215
0.018962
2.081775
0.740914
-2.276578
-0.695551
-0.053188
-0.708066
0.520548
0.317900
0.072637
0.265246
-0.005417
1.658826
0.757466
-2.255294
-0.829634
-0.035348
-1.026354
0.908418
1.243912
-0.127914
-0.000000
-0.009486
1.018417
0.636859
-1.916940
-0.850851
-0.007173
-1.201575
1.121130
2.021852
-0.262471
-0.295645
0.008056
0.259730
0.376149
-1.317158
-0.738646
0.018814
-1.205896
1.148023
2.531995
-0.317673
-0.577055
0.042182
-0.504352
0.000000
0.548986
0.492892
-0.031940
1.037539
-1.009009
-2.691437
0.298197
0.797760
-0.083191
1.164561
0.441329
-0.272010
0.136351
-0.025881
0.721143
-0.748294
-2.467775
0.224612
0.917239
-0.119331
1.631379
0.879048
-1.025787
-0.286700
-0.000000
0.303861
-0.424503
-1.885234
0.128035
0.908227
-0.139775
1.847550
1.236924
-1.606136
-0.715773
0.040694
-0.152130
-0.099153
-1.022145
0.042704
0.762240
-0.137259
1.795158
1.444546
-1.936382
-1.082808
0.086908
-0.579472
0.174383
-0.000000
-0.002029
0.492255
-0.109806
1.496409
1.450468
-1.980022
-1.322928
0.127393
-0.916167
0.359499
1.034329
0.011360
0.131905
-0.061178
1.008266
1.232837
-1.744769
-1.385587
0.151677
-1.115103
0.441182
1.930497
0.084134
-0.268841
-0.000000
0.412044
0.805492
-1.279540
-1.244240
0.152595
-1.151028
0.426418
2.557354
0.200330
-0.650946
0.062224
-0.200152
0.218196
-0.665087
-0.902739
0.128020
-1.023891
0.340402
2.822846
0.329579
-0.955431
0.113736
-0.739893
-0.449305
-0.000000
0.397148
-0.081431
0.758106
-0.219521
-2.688015
-0.433250
1.132876
-0.145178
1.135464
1.098675
-0.615504
-0.207660
-0.021188
0.397953
-0.102651
-2.172931
-0.472794
1.151721
-0.151677
1.341534
1.628109
-1.095290
-0.826383
0.041329
-0.000000
-0.022542
-1.353596
-0.418680
1.003935
-0.133902
1.344125
1.948796
-1.379962
-1.365587
0.094285
-0.376149
0.001023
-0.350334
-0.258132
0.707011
-0.097822
1.160395
1.999969
-1.444546
-1.738083
0.128082
-0.677197
-0.035001
0.690520
-0.000000
0.301861
-0.053255
0.833604
1.760003
-1.300121
-1.877154
0.137570
-0.864079
-0.116842
1.618753
0.324378
-0.153138
-0.011484
0.424390
1.251557
-0.989440
-1.748274
0.123249
-0.917239
-0.217470
2.302773
0.664807
-0.591055
0.017484
0.000000
-0.539731
0.577554
1.356272
-0.091161
0.838519
0.302975
-2.648992
-0.959962
0.946833
-0.027425
0.376636
0.276675
0.139290
0.746570
-0.051466
0.649522
0.340435
-2.615140
-1.148023
1.167556
-0.017556
0.656235
1.079554
-0.254111
0.000000
0.015984
-0.386902
-0.305680
2.215544
1.178411
-1.220828
-0.007060
-0.809492
-1.749353
0.546838
0.778207
-0.004781
-0.095535
-0.189345
1.517691
1.022498
-1.099896
-0.036509
-0.829634
-2.183589
0.706819
1.473751
-0.004440
0.179189
-0.000000
-0.630787
-0.681226
0.824629
0.058283
0.731088
2.313057
-0.729229
-1.980583
-0.017304
-0.398597
-0.236350
0.311741
-0.187991
0.438197
0.060336
0.544835
2.113109
-0.634784
-2.217543
-0.054038
-0.536327
-0.480355
1.172942
0.394044
0.000000
0.034294
0.311509
1.608135
-0.463430
-2.141616
-0.093614
-0.581442
-0.686293
1.832943
0.980148
-0.423967
-0.021888
0.073619
0.868445
-0.264791
-1.755616
-0.120633
-0.538729
-0.810653
2.206255
1.476646
-0.771689
-0.102488
-0.131696
0.000000
-0.087355
-1.108924
-0.120004
-0.426322
-0.820728
2.253210
1.796041
-0.994877
-0.194207
-0.278190
-0.871455
0.031505
-0.290995
-0.080861
-0.271281
-0.701580
1.983929
1.872179
-1.066263
-0.278113
-0.353513
-1.619377
0.072751
0.581483
-0.000000
-0.104058
-0.460031
1.454496
1.672841
-0.983266
-0.333057
-0.359430
-2.135550
0.038810
1.381889
0.115984
0.047096
-0.124836
0.756224
1.207464
-0.767458
-0.340005
-0.309487
-2.346370
-0.047904
1.992762
0.250483
0.160769
0.257112
0.000000
0.528405
-0.460031
-0.286432
-0.224827
-2.223746
-0.150714
2.323716
0.378843
0.225317
0.627973
-0.701623
-0.274806
-0.114120
-0.169901
-0.129111
-1.788955
-0.227448
2.325352
0.472350
0.239713
0.928357
-1.251645
-1.087638
0.214610
0.000000
-0.043596
-1.108924
-0.240454
1.996941
0.503642
0.212319
1.107331
-1.582453
-1.787432
0.477432
0.201896
0.016710
-0.285572
-0.165836
1.386647
0.452587
0.158020
1.131296
-1.664237
-2.262430
0.640406
0.405202
0.045188
0.560007
0.000000
0.584221
0.311509
0.094398
0.990151
-1.506928
-2.429930
0.689283
0.574757
0.043780
1.306016
0.237893
-0.292700
0.088624
0.037788
0.699670
-1.155714
-2.250575
0.630666
0.676796
0.021359
1.848156
0.508193
-1.116527
-0.191171
0.000000
-0.299580
0.681226
1.736312
-0.489331
-0.685268
0.009198
-2.114751
-0.757466
1.769069
0.488611
0.013682
0.152353
0.166322
0.950516
-0.302327
-0.587321
0.034514
-2.076534
-0.928500
2.159254
0.755368
0.004920
0.589301
-0.308140
0.000000
0.111051
0.386902
-0.043998
1.749716
0.971789
-2.236461
-0.941661
0.018814
-0.945914
0.676125
0.980057
-0.047156
0.105653
-0.032233
1.192049
0.856318
-1.997418
-1.004999
0.046566
-1.168691
0.895776
1.846058
-0.146248
-0.219263
0.000000
0.492722
0.577554
-1.485670
-0.918553
0.066864
-1.224460
0.953961
2.467775
-0.176187
-0.540206
0.046189
-0.242164
0.160944
-0.783839
-0.677624
0.070603
-1.105560
0.865555
2.748553
-0.144220
-0.806305
0.095872
-0.906114
-0.339966
-0.000000
-0.302841
0.053255
-0.830907
0.667962
2.640732
-0.072509
-0.971741
0.137259
-1.408135
-0.850762
0.749514
0.160734
0.015912
-0.442795
0.412159
2.153756
0.007382
-1.003700
0.160090
-1.685565
-1.287695
1.358098
0.648818
-0.035014
0.000000
0.152103
1.353596
0.062049
-0.888598
0.158053
-1.711979
-1.571680
1.744769
1.086865
-0.089330
0.431622
-0.065490
0.353453
0.064290
-0.635413
0.130258
-1.499171
-1.642384
1.865489
1.401520
-0.135471
0.789491
-0.209133
-0.702884
0.000000
-0.275413
0.081431
-1.093194
-1.469914
1.718264
1.532801
-0.163206
1.023891
-0.267014
-1.662508
-0.127570
0.141826
0.020824
-0.565377
-1.061946
1.341408
1.444972
-0.166037
1.105271
-0.247270
-2.386363
-0.297167
0.555608
-0.039902
-0.000000
-0.464845
0.805492
1.134198
-0.142737
1.028120
-0.174296
-2.770156
-0.472794
0.903418
-0.089330
0.519266
0.241679
0.200536
0.631468
-0.097682
0.810913
-0.082015
-2.759958
-0.610410
1.130839
-0.118875
0.921936
0.955769
-0.379280
-0.000000
0.039891
-0.492255
0.005585
2.360084
0.666888
-1.200465
0.124709
-1.160395
-1.568790
0.850762
0.672758
-0.019013
-0.123988
-0.026745
1.632062
0.609566
-1.098284
0.108586
-1.215343
-1.982479
1.154220
1.287541
-0.067470
0.237490
-0.000000
0.684889
0.424503
-0.836412
0.077367
-1.096418
-2.125075
1.261385
1.748274
-0.096678
0.540206
0.084176
-0.341827
0.121719
-0.451645
0.041324
-0.838250
-1.963743
1.177622
1.977360
-0.102684
0.744420
0.207811
-1.299173
-0.263844
0.000000
0.011604
-0.492892
-1.511147
0.938352
1.928776
-0.087387
0.828041
0.340435
-2.051335
-0.676125
0.451925
-0.002606
-0.120150
-0.824924
0.600598
1.596748
-0.058156
0.788887
0.445662
-2.495604
-1.046168
0.837367
0.003462
0.222487
-0.000000
-0.231365
-1.018417
0.026112
-0.643585
-0.489176
2.576955
1.303530
-1.099896
-0.028638
-0.488611
-0.845200
0.104921
-0.269828
0.003393
-0.423519
-0.446552
2.295039
1.389007
-1.202257
-0.065651
-0.649044
-1.586527
0.357644
0.544359
-0.000000
0.168645
0.309304
-1.702673
-1.266431
1.132091
0.102447
0.694582
2.113109
-0.497929
-1.306016
-0.020917
-0.079613
0.087948
-0.896286
-0.931333
0.903588
0.124774
0.635161
2.344559
-0.522010
-1.901282
-0.064210
-0.285163
-0.188626
-0.000000
0.414697
-0.554833
-0.119550
-0.495944
-2.243643
0.449600
2.238144
0.120633
0.422583
0.477432
-0.853973
-0.219195
-0.141288
-0.078314
-0.311268
-1.822360
0.317829
2.261076
0.174959
0.480212
0.728625
-1.545478
-0.880852
0.273440
0.000000
-0.117701
-1.140447
0.172076
1.960336
0.208905
0.460620
0.894408
-1.983929
-1.468551
0.627973
0.107649
0.052476
-0.296491
0.055591
1.374350
0.205171
0.378603
0.937996
-2.120563
-1.884299
0.872923
0.228444
0.176279
0.586952
0.000000
0.584672
0.151785
0.257231
0.840980
-1.953718
-2.050207
0.978393
0.340005
0.242764
1.381889
0.018542
-0.295808
0.045861
0.122849
0.607692
-1.526594
-1.922537
0.937996
0.417600
0.253246
1.974194
0.103375
-1.139645
-0.104124
0.000000
-0.265693
0.918193
1.500942
-0.768791
-0.438942
-0.219223
-2.280646
-0.227448
1.824023
0.278190
0.092786
0.137807
0.229163
0.831102
-0.507238
-0.389051
-0.158620
-2.261076
-0.350567
2.249368
0.447122
0.145630
0.543080
-0.434934
0.000000
-0.202000
-0.264215
-0.091265
-1.923803
-0.428441
2.354450
0.576980
0.158020
0.887396
-0.980148
-0.875717
0.095063
-0.074188
-0.034530
-1.323592
-0.422915
2.125615
0.635161
0.137626
1.115313
-1.337819
-1.666690
0.338052
0.157971
-0.000000
-0.552571
-0.311324
1.598673
0.597030
0.097625
1.188002
-1.473360
-2.250575
0.494699
0.398597
0.008267
0.274343
-0.093045
0.853177
0.451837
0.053188
1.089986
-1.389007
-2.531435
0.551186
0.608366
-0.006309
1.037160
0.208188
-0.000000
-0.206729
-0.017905
-0.832127
1.120453
2.455676
-0.513335
-0.748744
0.034514
-1.628848
-0.546838
0.835780
0.112128
-0.000901
-0.450305
0.728298
2.021852
-0.404044
-0.788887
0.064146
-1.970891
-0.862733
1.533990
0.461829
-0.005171
0.000000
0.286066
1.282571
-0.257557
-0.711746
0.083274
-2.024033
-1.091675
1.997418
0.788328
-0.027425
0.452364
-0.132970
0.337993
-0.111753
-0.518233
0.083191
-1.792706
-1.177622
2.166014
1.034665
-0.059360
0.839858
-0.467861
-0.678263
-0.000000
0.228559
-0.060446
1.322657
1.084227
-2.025062
-1.150567
0.090008
-1.105560
0.678947
1.618753
-0.055823
-0.119689
-0.017553
0.692393
0.803519
-1.606136
-1.101849
0.108586
-1.211411
0.752396
2.344386
-0.049734
-0.476581
0.037725
0.000000
-0.359954
0.980866
0.877897
-0.107194
1.143968
-0.699824
-2.745711
-0.007382
0.787310
-0.094285
0.652430
0.191147
0.248653
0.495784
-0.082756
0.916167
-0.553407
-2.759958
-0.090463
1.000923
-0.140317
1.174248
0.770816
-0.479546
-0.000000
-0.037795
0.564851
-0.357692
-2.381096
-0.166093
1.078896
-0.166060
1.499171
1.288298
-1.098675
-0.542485
0.020109
0.144547
-0.159805
-1.661285
-0.200330
1.002056
-0.166037
1.593808
1.655721
-1.525439
-1.051349
0.080043
-0.281414
-0.000000
0.703401
0.166947
-0.774625
0.140284
-1.460663
-1.803125
1.710092
1.444972
-0.130240
0.650946
-0.095711
-0.354235
0.054408
-0.424559
0.094309
-1.135464
-1.691282
1.642384
1.653590
-0.160780
0.912743
-0.119550
-1.358597
-0.129946
-0.000000
0.037795
-0.679548
-1.320006
1.350942
1.631408
-0.165859
1.033791
-0.082015
-2.164931
-0.359499
0.437713
-0.017646
-0.168797
-0.730336
0.896438
1.365587
-0.145140
1.003700
-0.008143
-2.658415
-0.592049
0.823400
-0.061162
0.318932
0.000000
-0.359954
-0.880419
0.103844
-0.835263
-0.069097
2.771150
0.777103
-1.098284
0.085176
-0.715773
-0.767356
0.171334
-0.235735
0.051556
-0.561315
-0.116842
2.491882
0.865555
-1.219436
0.087146
-0.973377
-1.457590
0.618635
0.480509
-0.000000
-0.228559
-0.110159
1.866995
0.819980
-1.166833
0.070166
-1.068641
-1.963743
0.923735
1.164561
-0.039746
0.110503
-0.038048
0.992743
0.623602
-0.946833
0.042218
-1.004999
-2.203157
1.056966
1.712327
-0.059939
0.406105
0.093568
0.000000
0.286066
-0.591420
0.014233
-0.809408
-2.131207
1.019783
2.035611
-0.058156
0.618808
0.262471
-0.965971
-0.155295
-0.153313
-0.002646
-0.525855
-1.749353
0.841793
2.076534
-0.038069
0.724939
0.434280
-1.767535
-0.639304
0.302304
-0.000000
-0.206729
-1.106088
0.573061
1.817740
-0.008765
0.719111
0.569286
-2.295039
-1.089547
0.708066
0.025411
0.096345
-0.290476
0.273288
1.286608
0.017304
0.613594
0.630666
-2.482391
-1.426516
1.005046
0.070268
0.340651
0.580784
-0.000000
-0.552571
-0.027373
-0.434832
-0.592475
2.315570
1.581351
-1.151938
-0.124774
-0.498225
-1.380822
0.202054
0.282229
-0.011756
-0.217903
-0.445823
1.832943
1.508824
-1.131296
-0.174296
-0.558635
-1.991859
0.308381
1.097677
0.033156
-0.000000
0.202000
-1.117569
-1.197205
0.951810
0.202327
0.528515
2.323232
-0.317829
-1.773604
-0.103041
-0.185875
-0.108158
-0.282960
-0.673089
0.646282
0.194207
0.428240
2.325352
-0.250876
-2.208135
-0.185462
-0.315940
-0.438654
0.545279
-0.000000
-0.265693
-0.140877
-0.286614
-1.997357
0.143621
2.333571
0.261562
0.378603
0.735771
-1.248900
-0.729354
0.129578
-0.041826
-0.134701
-1.387276
0.038810
2.127257
0.309487
0.375026
0.947286
-1.734469
-1.406238
0.479844
0.093450
0.000000
-0.584672
-0.024265
1.615651
0.308949
0.317382
1.031827
-1.946175
-1.922537
0.735771
0.245944
0.098024
0.293052
-0.018927
0.870842
0.246101
0.225317
0.966692
-1.872179
-2.188279
0.865971
0.389684
0.150365
1.118522
0.062514
0.000000
-0.117701
-0.121426
-0.752674
1.543792
2.147167
-0.861261
-0.495981
-0.158620
-1.773604
-0.206465
0.870661
0.066371
-0.026663
-0.414986
1.027978
1.787432
-0.734951
-0.538729
-0.133059
-2.166985
-0.380361
1.614919
0.282974
0.043431
-0.000000
-0.414697
-1.146024
0.519215
0.499780
0.089208
2.247385
0.539152
-2.125615
-0.498225
-0.081054
-0.431703
0.198588
-0.305153
0.258318
0.373368
0.043780
2.010460
0.634784
-2.330765
-0.672499
-0.086670
-0.814851
0.722596
0.618566
0.000000
0.168645
0.010819
1.498410
0.626811
-2.204197
-0.767194
-0.067807
-1.089986
1.089547
1.490882
-0.213347
-0.090307
-0.001155
0.792530
0.492058
-1.769069
-0.752159
-0.036509
-1.213188
1.262086
2.180097
-0.352097
-0.367215
0.009486
0.000000
0.231365
-1.093761
-0.612422
-0.006068
-1.163372
1.236609
2.577554
-0.404044
-0.618808
0.037779
-0.762871
-0.128065
-0.280857
-0.352899
0.012222
-0.945914
1.040816
2.615140
-0.375501
-0.801715
0.073929
-1.388286
-0.535402
0.548986
-0.000000
-0.011604
0.591996
-0.726260
-2.276949
0.288716
0.879932
-0.106056
1.792706
0.923735
-1.275668
-0.400487
0.008812
0.153769
-0.357509
-1.603093
0.176187
0.831584
-0.123249
1.928351
1.221281
-1.797807
-0.789175
0.044144
-0.303861
-0.000000
-0.684889
0.073054
0.653719
-0.118249
1.788809
1.364331
-2.047580
-1.101849
0.085176
-0.713457
0.291229
0.348004
0.009106
0.364172
-0.089165
1.408135
1.309649
-1.999969
-1.279919
0.120744
-1.015590
0.480009
1.346609
0.002029
-0.000000
0.039891
-0.853816
-1.044011
1.675093
1.280867
-0.140515
1.167974
-0.553407
-2.164931
-0.053278
0.387426
-0.020829
-0.214992
-0.589007
1.133421
1.086865
-0.137513
1.151721
-0.521493
-2.682082
-0.147454
0.740015
-0.081442
0.412044
0.000000
0.464845
0.709934
-0.109834
0.973767
-0.412860
-2.820769
-0.255390
1.002056
-0.130240
0.938669
0.640878
-0.226438
0.192491
-0.061163
0.665131
-0.267014
-2.559237
-0.340402
1.129355
-0.158017
1.296746
1.236764
-0.838699
-0.397148
0.000000
0.275413
-0.125254
-1.934767
-0.366528
1.096857
-0.160131
1.447544
1.691282
-1.288298
-0.973878
0.062233
-0.135489
-0.021888
-1.038151
-0.307132
0.903418
-0.137513
1.385587
1.924485
-1.521710
-1.448330
0.113763
-0.507013
0.022542
-0.000000
0.152103
-0.572822
0.096379
-1.137126
-1.886836
1.522102
1.740916
-0.145140
0.787310
-0.004796
-1.028990
-0.087885
-0.150756
0.046736
-0.753805
-1.568790
1.309649
1.795158
-0.151397
0.940845
0.061343
-1.900734
-0.381123
0.301861
-0.000000
-0.302841
-1.004216
0.935795
1.588067
-0.133197
0.953082
0.148955
-2.491882
-0.678947
0.718184
-0.033732
0.144489
-0.266869
0.472720
1.135697
-0.096678
0.831584
0.224612
-2.721962
-0.923631
1.035890
-0.048127
0.524105
0.539731
0.000000
-0.492722
0.052014
-0.603546
-0.256316
2.564770
1.058841
-1.207069
0.042218
-0.788328
-1.297544
0.409119
0.254180
0.010974
-0.310319
-0.221150
2.051335
1.040816
-1.205896
0.020751
-0.911722
-1.892040
0.699469
0.998347
-0.015984
-0.000000
-0.111051
1.264138
0.848191
-1.032817
-0.006835
-0.892872
-2.230159
0.841793
1.628848
-0.022421
0.280601
0.064465
0.323617
0.488514
-0.714504
-0.028638
-0.752159
-2.255294
0.835487
2.047515
-0.007782
0.493239
0.279201
-0.630787
-0.000000
0.299580
0.033255
0.526219
1.956840
-0.706044
-2.184588
-0.022060
-0.613594
-0.494699
1.461998
0.552160
-0.149190
0.012865
0.260303
1.372698
-0.497929
-2.010460
-0.055813
-0.633958
-0.667368
2.055714
1.084650
-0.564957
-0.034294
-0.000000
-0.584221
0.264422
1.541483
0.079197
0.562956
0.756983
-2.336723
-1.508824
0.887396
0.102651
0.216230
0.295674
0.056461
0.838773
0.078365
0.422583
0.734951
-2.278704
-1.745450
1.072125
0.179622
0.362509
1.139408
-0.087355
-0.000000
0.043596
0.243249
0.590740
-1.906210
-1.738938
1.097352
0.247585
0.428240
1.824023
-0.147753
-0.854701
-0.027530
0.057845
0.335191
-1.288781
-1.468551
0.966692
0.287245
0.417865
2.249836
-0.127504
-1.600597
-0.128281
-0.104058
0.000000
0.528405
0.954484
-0.707731
-0.281765
-0.348002
-2.355518
0.049477
2.127257
0.242764
0.220871
0.366665
-0.257467
0.257467
-0.366665
-0.220871
-0.242764
-2.127257
-0.049477
2.355518
0.348002
0.281765
0.707731
-0.954484
-0.528405
0.000000
0.104058
0.128281
1.600597
0.127504
-2.249836
-0.417865
-0.287245
-0.966692
1.468551
1.288781
-0.335191
-0.057845
0.027530
0.854701
0.147753
-1.824023
-0.428240
-0.247585
-1.097352
1.738938
1.906210
-0.590740
-0.243249
-0.043596
-0.000000
0.087355
-1.139408
-0.362509
-0.179622
-1.072125
1.745450
2.278704
-0.734951
-0.422583
-0.078365
-0.838773
-0.056461
-0.295674
-0.216230
-0.102651
-0.887396
1.508824
2.336723
-0.756983
-0.562956
-0.079197
-1.541483
-0.264422
0.584221
-0.000000
0.034294
0.564957
-1.084650
-2.055714
0.667368
0.633958
0.055813
2.010460
0.497929
-1.372698
-0.260303
-0.012865
0.149190
-0.552160
-1.461998
0.494699
0.613594
0.022060
2.184588
0.706044
-1.956840
-0.526219
-0.033255
-0.299580
-0.000000
0.630787
-0.279201
-0.493239
0.007782
-2.047515
-0.835487
2.255294
0.752159
0.028638
0.714504
-0.488514
-0.323617
-0.064465
-0.280601
0.022421
-1.628848
-0.841793
2.230159
0.892872
0.006835
1.032817
-0.848191
-1.264138
0.111051
0.000000
-0.015984
0.998347
0.699469
-1.892040
-0.911722
0.020751
-1.205896
1.040816
2.051335
-0.221150
-0.310319
0.010974
0.254180
0.409119
-1.297544
-0.788328
0.042218
-1.207069
1.058841
2.564770
-0.256316
-0.603546
0.052014
-0.492722
0.000000
0.539731
0.524105
-0.048127
1.035890
-0.923631
-2.721962
0.224612
0.831584
-0.096678
1.135697
0.472720
-0.266869
0.144489
-0.033732
0.718184
-0.678947
-2.491882
0.148955
0.953082
-0.133197
1.588067
0.935795
-1.004216
-0.302841
0.000000
0.301861
-0.381123
-1.900734
0.061343
0.940845
-0.151397
1.795158
1.309649
-1.568790
-0.753805
0.046736
-0.150756
-0.087885
-1.028990
-0.004796
0.787310
-0.145140
1.740916
1.522102
-1.886836
-1.137126
0.096379
-0.572822
0.152103
-0.000000
0.022542
-0.507013
0.113763
-1.448330
-1.521710
1.924485
1.385587
-0.137513
0.903418
-0.307132
-1.038151
-0.021888
-0.135489
0.062233
-0.973878
-1.288298
1.691282
1.447544
-0.160131
1.096857
-0.366528
-1.934767
-0.125254
0.275413
0.000000
-0.397148
-0.838699
1.236764
1.296746
-0.158017
1.129355
-0.340402
-2.559237
-0.267014
0.665131
-0.061163
0.192491
-0.226438
0.640878
0.938669
-0.130240
1.002056
-0.255390
-2.820769
-0.412860
0.973767
-0.109834
0.709934
0.464845
-0.000000
-0.412044
0.081442
-0.740015
0.147454
2.682082
0.521493
-1.151721
0.137513
-1.086865
-1.133421
0.589007
0.214992
0.020829
-0.387426
0.053278
2.164931
0.553407
-1.167974
0.140515
-1.280867
-1.675093
1.044011
0.853816
-0.039891
0.000000
-0.002029
-1.346609
-0.480009
1.015590
-0.120744
1.279919
1.999969
-1.309649
-1.408135
0.089165
-0.364172
-0.009106
-0.348004
-0.291229
0.713457
-0.085176
1.101849
2.047580
-1.364331
-1.788809
0.118249
-0.653719
-0.073054
0.684889
0.000000
-0.303861
0.044144
-0.789175
-1.797807
1.221281
1.928351
-0.123249
0.831584
0.176187
-1.603093
-0.357509
0.153769
0.008812
-0.400487
-1.275668
0.923735
1.792706
-0.106056
0.879932
0.288716
-2.276949
-0.726260
0.591996
-0.011604
-0.000000
0.548986
-0.535402
-1.388286
0.073929
-0.801715
-0.375501
2.615140
1.040816
-0.945914
0.012222
-0.352899
-0.280857
-0.128065
-0.762871
0.037779
-0.618808
-0.404044
2.577554
1.236609
-1.163372
-0.006068
-0.612422
-1.093761
0.231365
-0.000000
-0.009486
0.367215
0.352097
-2.180097
-1.262086
1.213188
0.036509
0.752159
1.769069
-0.492058
-0.792530
0.001155
0.090307
0.213347
-1.490882
-1.089547
1.089986
0.067807
0.767194
2.204197
-0.626811
-1.498410
-0.010819
-0.168645
-0.000000
-0.618566
-0.722596
0.814851
0.086670
0.672499
2.330765
-0.634784
-2.010460
-0.043780
-0.373368
-0.258318
0.305153
-0.198588
0.431703
0.081054
0.498225
2.125615
-0.539152
-2.247385
-0.089208
-0.499780
-0.519215
1.146024
0.414697
-0.000000
0.043431
0.282974
1.614919
-0.380361
-2.166985
-0.133059
-0.538729
-0.734951
1.787432
1.027978
-0.414986
-0.026663
0.066371
0.870661
-0.206465
-1.773604
-0.158620
-0.495981
-0.861261
2.147167
1.543792
-0.752674
-0.121426
-0.117701
0.000000
0.062514
1.118522
0.150365
0.389684
0.865971
-2.188279
-1.872179
0.966692
0.225317
0.246101
0.870842
-0.018927
0.293052
0.098024
0.245944
0.735771
-1.922537
-1.946175
1.031827
0.317382
0.308949
1.615651
-0.024265
-0.584672
-0.000000
-0.093450
-0.479844
1.406238
1.734469
-0.947286
-0.375026
-0.309487
-2.127257
-0.038810
1.387276
0.134701
0.041826
-0.129578
0.729354
1.248900
-0.735771
-0.378603
-0.261562
-2.333571
-0.143621
1.997357
0.286614
0.140877
0.265693
-0.000000
-0.545279
0.438654
0.315940
0.185462
2.208135
0.250876
-2.325352
-0.428240
-0.194207
-0.646282
0.673089
0.282960
0.108158
0.185875
0.103041
1.773604
0.317829
-2.323232
-0.528515
-0.202327
-0.951810
1.197205
1.117569
-0.202000
0.000000
0.033156
1.097677
0.308381
-1.991859
-0.558635
-0.174296
-1.131296
1.508824
1.832943
-0.445823
-0.217903
-0.011756
0.282229
0.202054
-1.380822
-0.498225
-0.124774
-1.151938
1.581351
2.315570
-0.592475
-0.434832
-0.027373
-0.552571
-0.000000
-0.580784
-0.340651
-0.070268
-1.005046
1.426516
2.482391
-0.630666
-0.613594
-0.017304
-1.286608
-0.273288
0.290476
-0.096345
-0.025411
-0.708066
1.089547
2.295039
-0.569286
-0.719111
0.008765
-1.817740
-0.573061
1.106088
0.206729
0.000000
0.302304
-0.639304
-1.767535
0.434280
0.724939
-0.038069
2.076534
0.841793
-1.749353
-0.525855
-0.002646
-0.153313
-0.155295
-0.965971
0.262471
0.618808
-0.058156
2.035611
1.019783
-2.131207
-0.809408
0.014233
-0.591420
0.286066
0.000000
0.093568
0.406105
-0.059939
1.712327
1.056966
-2.203157
-1.004999
0.042218
-0.946833
0.623602
0.992743
-0.038048
0.110503
-0.039746
1.164561
0.923735
-1.963743
-1.068641
0.070166
-1.166833
0.819980
1.866995
-0.110159
-0.228559
0.000000
0.480509
0.618635
-1.457590
-0.973377
0.087146
-1.219436
0.865555
2.491882
-0.116842
-0.561315
0.051556
-0.235735
0.171334
-0.767356
-0.715773
0.085176
-1.098284
0.777103
2.771150
-0.069097
-0.835263
0.103844
-0.880419
-0.359954
-0.000000
0.318932
-0.061162
0.823400
-0.592049
-2.658415
-0.008143
1.003700
-0.145140
1.365587
0.896438
-0.730336
-0.168797
-0.017646
0.437713
-0.359499
-2.164931
-0.082015
1.033791
-0.165859
1.631408
1.350942
-1.320006
-0.679548
0.037795
0.000000
0.129946
1.358597
0.119550
-0.912743
0.160780
-1.653590
-1.642384
1.691282
1.135464
-0.094309
0.424559
-0.054408
0.354235
0.095711
-0.650946
0.130240
-1.444972
-1.710092
1.803125
1.460663
-0.140284
0.774625
-0.166947
-0.703401
-0.000000
0.281414
-0.080043
1.051349
1.525439
-1.655721
-1.593808
0.166037
-1.002056
0.200330
1.661285
0.159805
-0.144547
-0.020109
0.542485
1.098675
-1.288298
-1.499171
0.166060
-1.078896
0.166093
2.381096
0.357692
-0.564851
0.037795
0.000000
0.479546
-0.770816
-1.174248
0.140317
-1.000923
0.090463
2.759958
0.553407
-0.916167
0.082756
-0.495784
-0.248653
-0.191147
-0.652430
0.094285
-0.787310
0.007382
2.745711
0.699824
-1.143968
0.107194
-0.877897
-0.980866
0.359954
0.000000
0.037725
-0.476581
-0.049734
2.344386
0.752396
-1.211411
0.108586
-1.101849
-1.606136
0.803519
0.692393
-0.017553
-0.119689
-0.055823
1.618753
0.678947
-1.105560
0.090008
-1.150567
-2.025062
1.084227
1.322657
-0.060446
0.228559
-0.000000
-0.678263
-0.467861
0.839858
-0.059360
1.034665
2.166014
-1.177622
-1.792706
0.083191
-0.518233
-0.111753
0.337993
-0.132970
0.452364
-0.027425
0.788328
1.997418
-1.091675
-2.024033
0.083274
-0.711746
-0.257557
1.282571
0.286066
0.000000
-0.005171
0.461829
1.533990
-0.862733
-1.970891
0.064146
-0.788887
-0.404044
2.021852
0.728298
-0.450305
-0.000901
0.112128
0.835780
-0.546838
-1.628848
0.034514
-0.748744
-0.513335
2.455676
1.120453
-0.832127
-0.017905
-0.206729
0.000000
-0.208188
-1.037160
0.006309
-0.608366
-0.551186
2.531435
1.389007
-1.089986
-0.053188
-0.451837
-0.853177
0.093045
-0.274343
-0.008267
-0.398597
-0.494699
2.250575
1.473360
-1.188002
-0.097625
-0.597030
-1.598673
0.311324
0.552571
0.000000
0.157971
0.338052
-1.666690
-1.337819
1.115313
0.137626
0.635161
2.125615
-0.422915
-1.323592
-0.034530
-0.074188
0.095063
-0.875717
-0.980148
0.887396
0.158020
0.576980
2.354450
-0.428441
-1.923803
-0.091265
-0.264215
-0.202000
0.000000
-0.434934
0.543080
0.145630
0.447122
2.249368
-0.350567
-2.261076
-0.158620
-0.389051
-0.507238
0.831102
0.229163
0.137807
0.092786
0.278190
1.824023
-0.227448
-2.280646
-0.219223
-0.438942
-0.768791
1.500942
0.918193
-0.265693
-0.000000
-0.104124
-1.139645
0.103375
1.974194
0.253246
0.417600
0.937996
-1.922537
-1.526594
0.607692
0.122849
0.045861
-0.295808
0.018542
1.381889
0.242764
0.340005
0.978393
-2.050207
-1.953718
0.840980
0.257231
0.151785
0.584672
-0.000000
-0.586952
-0.176279
-0.228444
-0.872923
1.884299
2.120563
-0.937996
-0.378603
-0.205171
-1.374350
-0.055591
0.296491
-0.052476
-0.107649
-0.627973
1.468551
1.983929
-0.894408
-0.460620
-0.208905
-1.960336
-0.172076
1.140447
0.117701
0.000000
-0.273440
0.880852
1.545478
-0.728625
-0.480212
-0.174959
-2.261076
-0.317829
1.822360
0.311268
0.078314
0.141288
0.219195
0.853973
-0.477432
-0.422583
-0.120633
-2.238144
-0.449600
2.243643
0.495944
0.119550
0.554833
-0.414697
0.000000
0.188626
0.285163
0.064210
1.901282
0.522010
-2.344559
-0.635161
-0.124774
-0.903588
0.931333
0.896286
-0.087948
0.079613
0.020917
1.306016
0.497929
-2.113109
-0.694582
-0.102447
-1.132091
1.266431
1.702673
-0.309304
-0.168645
-0.000000
0.544359
0.357644
-1.586527
-0.649044
-0.065651
-1.202257
1.389007
2.295039
-0.446552
-0.423519
0.003393
-0.269828
0.104921
-0.845200
-0.488611
-0.028638
-1.099896
1.303530
2.576955
-0.489176
-0.643585
0.026112
-1.018417
-0.231365
0.000000
0.222487
0.003462
0.837367
-1.046168
-2.495604
0.445662
0.788887
-0.058156
1.596748
0.600598
-0.824924
-0.120150
-0.002606
0.451925
-0.676125
-2.051335
0.340435
0.828041
-0.087387
1.928776
0.938352
-1.511147
-0.492892
0.011604
0.000000
-0.263844
-1.299173
0.207811
0.744420
-0.102684
1.977360
1.177622
-1.963743
-0.838250
0.041324
-0.451645
0.121719
-0.341827
0.084176
0.540206
-0.096678
1.748274
1.261385
-2.125075
-1.096418
0.077367
-0.836412
0.424503
0.684889
-0.000000
-0.237490
0.067470
-1.287541
-1.154220
1.982479
1.215343
-0.108586
1.098284
-0.609566
-1.632062
0.026745
0.123988
0.019013
-0.672758
-0.850762
1.568790
1.160395
-0.124709
1.200465
-0.666888
-2.360084
-0.005585
0.492255
-0.039891
-0.000000
0.379280
-0.955769
-0.921936
0.118875
-1.130839
0.610410
2.759958
0.082015
-0.810913
0.097682
-0.631468
-0.200536
-0.241679
-0.519266
0.089330
-0.903418
0.472794
2.770156
0.174296
-1.028120
0.142737
-1.134198
-0.805492
0.464845
-0.000000
-0.039902
0.555608
-0.297167
-2.386363
-0.247270
1.105271
-0.166037
1.444972
1.341408
-1.061946
-0.565377
0.020824
0.141826
-0.127570
-1.662508
-0.267014
1.023891
-0.163206
1.532801
1.718264
-1.469914
-1.093194
0.081431
-0.275413